    * 
    * mbuilder command fle for generation of Wigley Hull grid
    * 
    * Read the file generated by rap (the clean cad model in hdf format)
    * 
    * 
    *
    *
    read rap model
    cleanModel.hdf
    * 
    * 
    * Enter the mapping builder
    * 
    builder
    * 
    * ------------------------------------------------------------------------------------------------------------
    * 
    * Surface grid bow
    * 
    * ------------------------------------------------------------------------------------------------------------
    * 
    create surface grid
    edge curve tolerance 0.000001
    set view:0 -0.038688 -0.126156 0 1.38417 0.766044 0.321394 0.55667 0.642788 -0.383022 -0.663414 -8.92047e-17 0.866025 -0.5
    smaller:0
      choose edge curve 3 -3.535534e+00 -5.047370e-15 -3.535534e+00 
      choose edge curve 2 3.535534e+00 -5.050647e-15 -3.535534e+00 
    done
    uniform dissipation 3
      forward and backward 
      lines to march 76 76
      distance to march 3.4 3.4
      points on initial curve 81
      equidistribution 1 (in [0,1]) 
      BC: left (forward) free floating 
      BC: left (backward) free floating 
      BC: right (forward) fix z, float x and y 
      BC: right (backward) fix z, float x and y 
      surface grid options... 
      reparameterize initial curve 
      set corners 
      0.7 1
      exit 
    generate
    lines
    55 61
    pause
    exit
    * 
    * ------------------------------------------------------------------------------------------------------------
    * 
    *  Volume grid bow
    * 
    * ------------------------------------------------------------------------------------------------------------
    * 
    create volume grid...
    backward
    distance to march 4
    lines to march  50
      BC: left outward splay
      BC: top outward splay
      BC: bottom outward splay
      BC: right fix z, float x and y
    volume smooths 20
    geometric stretching, specified ratio
    1.05
    apply boundary conditions to start curve 1
    generate
    name BOW
    set view:0 0.115803 -0.207807 0 1.18257 0.866025 -0.433013 0.25 0.5 0.75 -0.433013 -6.93889e-17 0.5 0.866025
    boundary conditions
    0 1 0 0 3 0
    exit
    * 
    * ------------------------------------------------------------------------------------------------------------
    * 
    * Surface grid stern
    * 
    * ------------------------------------------------------------------------------------------------------------
    * 
    create surface grid
    edge curve tolerance 0.000001
    set view:0 -0.0218671 -0.0538267 0 1.14879 0.766044 0.321394 -0.55667 -0.642788 0.383022 -0.663414 8.92047e-17 0.866025 0.5
      choose edge curve 2 3.535534e+00 -5.050647e-15 -3.535534e+00 
      choose edge curve 3 -3.535534e+00 -5.047370e-15 -3.535534e+00 
    done
      uniform dissipation 3
      forward and backward 
      lines to march 76 76 
      distance to march 3.4 3.4
      points on initial curve 81
      equidistribution 1 (in [0,1])
      BC: right (forward) fix z, float x and y 
      BC: right (backward) fix z, float x and y
      BC: left (forward) free floating 
      BC: left (backward) free floating  
      surface grid options... 
      reparameterize initial curve 
      set corners 
      0.7 1
      exit
    generate
    lines
    55 61
    pause
    exit
    * 
    * ------------------------------------------------------------------------------------------------------------
    * 
    * Volume grid stern
    * 
    * ------------------------------------------------------------------------------------------------------------
    * 
    create volume grid...
    backward
    distance to march 4
    lines to march  50
      BC: left outward splay
      BC: top outward splay
      BC: bottom outward splay
      BC: right fix z, float x and y
    volume smooths 20
    geometric stretching, specified ratio
    1.05
    apply boundary conditions to start curve 1
    generate
    name STERN
    set view:0 0.115803 -0.207807 0 1.18257 0.866025 -0.433013 0.25 0.5 0.75 -0.433013 -6.93889e-17 0.5 0.866025
    boundary conditions
    0 1 0 0 3 0
    exit
    * 
    * ------------------------------------------------------------------------------------------------------------
    * 
    * Surface grid hull
    * 
    * ------------------------------------------------------------------------------------------------------------
    * 
    create surface grid
    edge curve tolerance 0.00001
    set view:0 -0.0218671 -0.0538267 0 1.14879 0.766044 0.321394 -0.55667 -0.642788 0.383022 -0.663414 8.92047e-17 0.866025 0.5
    pause
      choose edge curve 5 6.418560e-17 3.503784e+00 -3.566170e+00 
      choose edge curve 0 5.220937e-17 -3.566170e+00 -3.503784e+00
    done
      uniform dissipation 4
      forward and backward 
      lines to march 76 76 
      distance to march 4.2 4.2
      points on initial curve 80
      equidistribution 1 (in [0,1])
      BC: left (forward) fix z, float x and y 
      BC: left (backward) fix z, float x and y
      BC: right (forward) fix z, float x and y 
      BC: right (backward) fix z, float x and y
    generate
    lines
    55 91
    pause
    exit
    *
    * ------------------------------------------------------------------------------------------------------------
    * 
    * Volume grid hull
    * 
    * ------------------------------------------------------------------------------------------------------------
    * 
    create volume grid...
    backward
    distance to march 4
    lines to march  50
      BC: left fix z, float x and y
      BC: top outward splay
      BC: bottom outward splay
      BC: right fix z, float x and y
    volume smooths 20
    geometric stretching, specified ratio
    1.05
    apply boundary conditions to start curve 1
    generate
    name HULL
    set view:0 0.115803 -0.207807 0 1.18257 0.866025 -0.433013 0.25 0.5 0.75 -0.433013 -6.93889e-17 0.5 0.866025
    boundary conditions
    1 1 0 0 3 0
    exit
    *
    *
    *
    colour boundaries by BC number
    plot reference surface 0
    plot volume grids 1
    plot surface grids 1
    plot shaded on reference surface 0
    pause
    save grids to a file...
    file name: hypedWhole.hdf
    save file
    exit 
    exit
    exit
